1
1
1
1
14
14
14
14
14
14
14
14
14
14
10
0
8
14
14
1
18
14
19
13
4
2
2
2
2
2
2
2
2
2
2
2
2
2
5
1
13
0
8
11
3
0
0
9
12
10
0
9
12
12
12
12
10
0
3
1
13
0
0
0
3
9
12
1
1
13
0
15
1
1
1
1
13
0
3
1
13
0
9
10
3
8
14
14
14
11
0
8
14
14
14
14
11
0
7
2
17
12
16
13
7
2
2
2
2
2
2
2
2
2
2
5
0
0
9
12
1
1
1
1
12
12
12
12
12
12
12
12
10
0
0
3
9
12
16
1
1
1
1
18
14
19
1
1
1
1
1
1
17
10
0
3
15
1
1
1
1
1
18
11
0
8
19
1
1
1
1
1
1
17
10
3
15
1
1
1
1
1
11
0
0
0
8
14
14
1
1
1
1
1
13
3
15
1
18
11
1
13
4
2
2
2
2
2
5
15
18
14
14
19
13
3
15
18
11
0
1
13
3
15
12
12
12
10
3
15
13
0
0
15
13
3
15
13
0
0
1
13
3
15
1
1
18
11
3
15
13
0
0
15
13
3
15
13
0
0
1
13
3
15
1
1
13
0
3
15
17
12
12
16
13
3
15
13
0
0
1
13
3
15
1
1
13
0
3
1
14
14
14
14
1
3
15
17
10
0
18
11
3
15
1
1
13
0
7
2
2
2
2
2
2
6
15
1
17
10
11
0
3
15
1
1
17
12
12
12
10
0
0
9
12
12
18
14
19
1
0
0
3
8
19
1
1
1
1
1
17
12
12
16
18
14
11
0
15
1
0
0
3
0
8
19
1
1
1
1
1
1
1
1
13
0
0
0
15
1
2
2
6
0
0
8
14
19
1
1
1
1
1
1
17
12
12
12
16
1
0
19
19
4
